139.91615388865472
247.61081039810455
191.9855106760039
203.82502330902815
183.72412798960596
200.89614637869403
204.9642851577046
192.71549595759498
219.91387942838463
165.31661193573854
222.30024096844267
156.13079200442257
192.3409885157424
148.31122678472752
248.32286349201394
218.4633023059954
192.90268724409705
203.09075855539683
177.80587172838435
220.76675955350515
237.5345830297337
214.50318297147186
206.7317185106841
177.55343970508622
173.9814030355616
208.29759508225487
181.84869809524955
165.11605363833812
108.23229945683505
160.49653222820652
218.80762300740483
195.02034805338647
189.96557631987278
227.47875143348355
175.49284613745212
196.0609072586597
197.67645074136362
196.5229113347641
235.9981689677015
202.41352958758878
132.0120316194965
207.31396000124377
241.61100108579336
220.8491098900205
221.52182682970962
164.20038907932238
205.22457413153649
184.81527061343647
191.26668876025508
191.41760293329696
199.0331652148413
209.65280010527655
194.16352100621984
198.09179299377143
176.54659514799948
175.6079490602298
168.6639056054964
148.98826972195866
194.1577372483087
162.533387815492
166.35612138466573
161.48077641734878
133.88781541406277
146.82848511786432
170.19578232688744
199.04167497472386
187.41813003749965
218.55699123035188
177.18176188726136
195.6796725656813
180.16164465953747
201.94732521808135
217.58755323953739
238.61378865242824
155.3761077564752
200.60954639159291
219.23957772206722
195.5578932487526
213.54738129378777
138.65235158346584
193.36851995057793
170.16872131355802
198.45219201986043
170.21778157285672
211.24504298248993
190.35453106051935
225.32876013737027
155.94585623498537
199.0181704661437
157.49942081964863
154.3380275525409
168.9734291589159
165.94626622313837
212.42014896004116
201.9378709945241
175.32083704956614
252.11048318515546
169.47594304983855
253.7189964105828
238.86865239247877
149.13067279745508
185.54872097569233
218.78799438943162
185.03675388841535
239.91152348109057
189.95347747690766
265.4838381523884
182.71484546905992
201.27821381885764
201.3315835192059
190.55558994956655
144.8050380480515
138.48841980919
216.77362106046147
198.86463791518415
167.52311077333482
197.18867421931049
180.4967158451038
125.42084017513996
233.21621973533342
189.75087526696183
201.66290759783251
211.29949423138243
220.54385763130782
136.75025531388232
189.34503633630018
156.31461673426256
185.31019492921425
118.56351969888115
239.72872108303145
218.70878884236285
190.2743217512343
159.46173124933324
172.25886399261427
152.55141827419075
151.81263376412966
174.32456317938664
169.97919226606942
180.29134818512009
195.87659858136985
184.73417351003687
185.70350135912477
263.99856362159
177.02536403879054
151.05839855824772
214.43620661995104
207.96432867387247
146.13640277553662
150.91819318711578
199.18392413528838
204.4839101660546
191.8084586218766
179.6419957746626
164.35707325551977
147.85277753551065
235.88104453285075
223.3047945748264
176.80585382011762
179.93052831353404
177.51934178008528
209.88162297084168
178.05591126071073
134.046732462745
182.75053662224116
223.53969752251288
136.11067012096814
181.48741763884712
192.72385435505777
148.6687493818045
129.19857327655106
181.5752317403163
190.15392694319783
194.34078208881317
163.40152722832806
209.94203067929524
203.30895961328537
174.3674653903432
229.34079827642907
181.0138695962548
190.76402454631042
148.253730441201
177.80342320782185
196.50569111317634
172.69598791413603
183.11237219946776
219.79332522082768
200.76875701720422
144.3311975921636
162.51722843966394
120.41281760837866
275.74939619973026
234.24715726935213
191.50263268275262
207.49067845110292
179.48631247049744
199.01666722144878
184.13053682220468
173.92592526810915
199.80094599366228
187.21206160875897
194.60271867759752
167.00350948560805
207.7344763425909
204.11818682359595
228.47212695083434
154.39635585078517
192.19952036054377
152.06153962393185
184.95665827226338
150.68535354058332
212.721812869252
213.26937514191377
214.6281114898697
198.83278984739107
191.50585917407662
210.45233843951763
144.12868204770916
186.3079918111663
230.80603238014143
221.38284287671996
181.1955797530631
192.34942138956802
175.75559945009206
198.70673097371963
143.18813671847022
191.35348337956458
174.5400316931834
209.90662102014045
237.93970874826363
190.7370474793072
226.3054625935476
243.2633760169547
155.92210661841403
219.3936978423226
171.50795825539342
230.56355276313744
206.3016611894735
170.22115409610296
193.2255103283257
244.68000930859012
173.3890903462757
164.289933966139
214.8229818176995
176.35308523349937
186.85154918064217
155.21521753055637
168.95498232638585
200.14230510633533
201.38948612207733
184.14064534615196
260.04475935264617
215.99177088814665
173.99880819140265
177.80913248247862
151.8306477165284
202.4673806932878
186.33140004634487
226.44470498522318
133.8182647038806
277.2516708816103
182.73386905095003
190.76301107102253
169.8682012130556
180.3395478609373
140.51446064958762
216.57895566121852
260.46331683630603
258.65701572769586
185.1595969461892
201.16328830123547
212.54806094050974
246.82437472436462
201.85921468585946
177.7214288231358
236.83560617328925
145.34507795220594
170.2684420528236
175.63871642037637
130.6226185420218
165.32193995143342
185.84405238434408
162.7133223891712
157.87937142859127
178.70741410316762
242.81302229348884
191.87908722042917
228.62250786753197
243.04168857918742
203.8871191983715
234.68194322545313
217.39318105255822
191.6506245352717
199.52344161013843
158.72361839512214
213.09061045638748
231.21656271941725
194.6118489514943
134.71455770809973
203.4075277328936
201.44098320523293
229.44143961969635
181.87172218607182
186.8957344584305
187.37251992066163
189.74857128564463
207.58064198120823
209.21544362300227
198.72235396241447
213.44095445643376
212.51654045624954
191.7325495281742
209.5521776437505
191.84150332166692
186.92524241386076
172.73285922217468
173.0467725465624
173.4180593491326
249.97562967932376
227.16190608216257
180.6530362003359
200.86012358480522
216.92446773543767
209.3799732337422
176.11513242856645
214.46892605959258
189.23103817325938
166.7060935773777
227.44633792100723
189.71296436194828
197.66851337488438
201.65410831962754
160.80487414254765
215.28415493005878
225.46356494439783
198.42772874635313
173.7555904037527
236.0455841425444
172.17280663383457
136.23600726320487
218.59373530518806
151.3073241761811
226.15748070164776
181.35039279308387
175.27189423296517
197.5077055619513
189.19914694597438
201.94831782232322
171.5113558063142
178.60372363276957
166.22421493501994
225.16158057236657
212.12587741061236
230.58987333794707
185.78714263532945
183.50487656056737
233.03278309221278
226.0674504996511
217.27112245890572
228.98570104259827
192.76562726867874
216.7605858294441
213.24053186885695
155.89192095047127
261.33693461750244
171.5202931923592
242.90819448310432
217.39814334579322
192.8936914155181
196.1664018686411
189.59053780419214
239.02337669641884
202.97621833428335
171.9157422441058
241.62530604561545
213.5927484572002
199.4636177815043
211.76147714803625
153.49861261950184
194.17684610417768
166.61650391439466
152.3716807099244
176.74731444956515
168.80234973961032
190.54607848609723
194.78949079771218
199.71027140630892
199.45197422907304
141.3880008787616
174.8558537444152
125.10058303412558
252.50047985252675
137.45035817504203
202.17900007497266
242.2347794682583
157.80293977359992
243.75411873777605
171.448248813602
181.762199364562
133.47407221609447
146.73875426412428
202.98182819368407
178.94652190150373
142.81028687839182
230.65305830667646
159.14659525746566
188.51318557616432
186.16784368980348
136.7181190466593
191.3945280301981
165.6658420938871
209.01135728987123
186.33297039268487
156.33470732537086
253.55177522371295
203.0039638999238
203.05432369084576
174.23937759767705
256.64718228200064
207.34841619722772
168.537316369094
147.01893241919646
182.9563847682608
215.92101187671577
178.65363102315484
172.7298630713634
217.00993526072915
147.18232956245112
232.4696364751581
149.3678972234984
124.55651721564175
199.81431360004774
196.46599560917585
211.054233423176
260.5817148500326
193.3180841178941
169.01561582956964
230.10839416654846
183.11861223921878
198.6446498684856
208.7743778014397
205.07007793319002
244.6661961029985
164.27490641468887
179.8804991123755
180.07990701667657
173.7908894001598
252.33500619897836
160.7913711984819
176.8766481176017
142.9087440219155
147.7824288487764
221.42167114454017
170.62829174040343
146.13740603012636
201.59981630817268
168.5922466712855
182.77878163010823
201.80143306974958
191.46120649457146
206.62562506630934
182.7706243618871
186.68153236139818
199.35681448233782
179.51492851025205
154.0279866870837
165.0758200555287
239.15109551715156
152.75530337552746
158.25632856194622
156.3607177306944
172.30407591022978
158.95452208137334
194.07412346238476
176.4597329992723
167.59251725764832
228.77743544970753
218.62317383528784
160.72720198500093
171.63178646283
184.25762914712368
190.42860207824233
231.9946273740827
232.30874287127904
184.46752361881235
183.57590459660898
219.5520008930465
229.39096552813734
202.6877414021432
165.80908829158
155.42471117904037
158.80636132386698
226.26039999257722
181.33513273330124
193.6177588074221
218.7533260826697
135.86289900724003
218.15964972354035
204.44962992125352
151.02134058856447
211.95834661291872
190.63785886655936
196.28251941645792
187.02428694893393
249.8201538431151
207.2715881843139
234.39104183628186
202.03099537128082
181.56289754112208
164.22703575003567
223.2348013696172
188.28098002760663
185.32417150156695
194.71449970784502
223.75612738700937
170.49602316093402
155.88214861387547
174.9782271482591
184.84688963117281
150.9558952892146
202.21005096611205
199.57858289226508
174.5804435841729
209.3844095225064
298.61698211021275
201.9344044178725
188.63381100267108
174.52634849659873
189.34902571667416
196.73251544106836
170.91743297163427
216.22920833068903
173.21181994243875
181.971058901125
206.83065846997016
166.6348900255448
214.4672254911772
212.66435820214448
230.59216155048261
106.60835246363139
145.33845304263664
131.34329477205864
159.49186723147452
205.16216053040313
238.661853877375
229.53808521698772
209.746177164154
152.42133848365694
187.9603183057672
160.5738142875427
204.36093078625694
181.1686334214529
230.18921533904245
313.85072302788217
174.28517399181177
163.14939049910137
189.45551126420935
153.45524754966536
183.7722149486506
200.04971038047776
186.34761424307436
154.28579933290226
199.8582251240316
203.56654058950636
208.92377307612344
170.5979844989638
166.55426915376685
118.47039614323874
103.9366414063515
181.58828694400123
248.7022985767073
243.20317467212345
213.258148021394
200.818123154017
179.87535613316086
145.3864587421224
173.08222518128056
168.4957948570296
214.02737495845602
165.85290304042118
196.05412076444387
196.85856386961242
149.64411333127632
225.60160096651302
116.7641113448196
186.04409787770058
169.8025657864323
106.39517742643011
218.04963186208954
202.035703923544
169.27009590111095
192.45386971787633
188.00929307937324
120.78304950145791
188.17023500028785
196.16561015003757
179.3802560128444
232.38676694046228
273.0623547200904
192.44080909391215
183.6767944289105
118.40761945641569
217.51868953539494
176.96961796501364
168.85096288963956
173.18550618840922
197.76005603348798
212.70125298312098
179.38643924608667
166.76030269435176
210.98147612713294
225.83423075959027
188.09862699773868
227.38250644459387
193.8421209071556
218.9418042560163
221.4302136458715
132.27412806536267
176.35618630427518
225.22863247975963
191.9282746931328
188.00430348024256
212.09620123658283
118.6724948839595
243.49827945550774
154.12472034617596
250.58874660324378
203.30126467385745
227.9270856181086
188.58028899713148
190.3333217875119
189.8536636298881
188.11124080864704
183.99919323639975
165.56473613936413
203.3773196905662
170.56282518863276
177.7322440329554
172.41074251885107
190.04000341416284
162.79781593565636
285.1421020587909
187.93816951290515
148.36389802870448
189.9190705563071
184.74030074330693
160.11882996364469
209.58022564816534
166.14911927265055
182.88103223893413
214.73153554575572
215.6770542029144
171.75534504133563
184.51856101967965
160.32515783715579
211.12243879560774
171.8222547297797
172.8762766064984
263.7503236170979
144.78315969711122
213.65811245626824
210.10960112407994
197.11128821545003
183.4952945421404
221.34792610179565
181.91245067993722
227.08904485606965
164.08739729139168
230.10288041516313
237.85820578552918
193.38837894154557
173.9382779602458
231.97112508911175
247.49864496758192
199.99090182204367
206.12565033731948
205.77503430763701
286.59230117649383
155.25523482378446
205.09102777214972
109.26326605373495
239.28233783533292
203.18667198424197
196.61917068329052
180.32747838915117
189.92174991433228
177.90609654507972
193.1694067821084
176.49026393881687
237.56854598928683
224.0457710923237
167.83058733488926
149.60366192118929
201.19951255057637
198.54281923834534
182.78632475227232
184.98677769448585
195.10660204621482
251.87755148946232
110.93409572872123
232.7846465954518
217.18558553211503
181.5180100653261
224.69585027207228
161.0570062941844
212.9922251317945
200.2707320975897
173.13121548978552
265.24134314510616
215.22194717164086
241.43558177656158
180.15857882842673
275.03526911855573
159.86613805023993
196.98749150604561
180.38504570396933
220.67474915477877
167.3397700631232
187.29427145524008
171.87794650207638
180.59980602115016
253.861224104308
139.48022074201134
146.00951526431834
162.48920900070303
179.66006836709667
182.37680740694992
188.49964343914772
189.46173301023657
228.30114091189668
206.35538513345162
221.52393037540287
204.62330195642815
147.4468260989949
221.8045497590464
156.02215643707274
215.05135236098917
215.6822109210574
201.52774213597596
166.9248742649893
194.43744851274457
183.26498143414793
188.705730578796
194.13824550165438
182.01905445217366
141.04385235784852
211.23358021943392
196.879901991399
207.03346467226393
164.02051986566823
188.59313351352932
222.07892698184253
170.07626035667218
195.42925765846798
197.47901308018817
151.1718356924532
178.7526168848602
243.24436321284657
187.82543206180543
167.6224674640275
163.39999019761544
184.44668557496536
183.0105399776327
164.52172479459807
221.43372899346292
191.4379095261876
218.10142606294647
165.60333370247187
201.3147507513288
165.77988771240172
207.90726566503582
251.1648801605893
248.22348811591777
178.886932439256
220.02323827924926
178.63312635899814
219.8148524299103
153.59045000195175
138.6463976924675
241.1067705223866
159.72619165305787
185.42432709977243
184.55674198327674
232.75630888113213
215.90342540629214
229.92362060249096
195.62522740938184
151.1235635299485
280.13945507866424
134.9115376929487
161.60989074358386
154.88127095033357
158.54816683690024
180.11785956705438
163.71252646295645
189.4628970158251
264.437924012605
158.7226981638336
205.74502761723727
209.84678960100868
228.4011998427302
169.40039100794792
170.02736334758038
161.28863287277895
161.64867050228608
167.59394353486897
189.1483512002487
245.64050124454081
151.32521960275838
182.26255111120204
192.90203860201214
224.4171652830045
188.3267800447924
133.90452081284388
161.44697861540521
198.25530825411445
177.1774865425419
197.89978591037803
223.20731642124576
264.283775733045
153.84635208433903
196.7515674125678
203.75904680953556
122.58412761020513
180.89124954476833
176.85279117078665
218.26771679357893
175.90685498868967
188.10337345846133
182.62367938867203
138.192952067571
223.2499756014737
181.52683962707547
162.9496381275272
157.3975451964297
224.55868777771119
187.85031377298438
156.54263644836567
163.17907590951722
145.66907882283382
176.40862382267326
234.47220282334618
151.90108148175858
225.99004731190865
185.23076177508088
173.72661913026198
215.0113715224221
190.7457790453346
163.3966319035429
235.08584091151877
269.74684964379594
221.6113423024845
205.42998159456812
179.03013216392827
178.28351116180488
200.27958872080058
183.9457401639202
157.52240532072094
168.00206919422118
173.43829152400832
211.3180780088567
203.0706970971927
232.79394663551187
245.31807256536487
188.3874514760032
222.57246961426222
242.93271064808522
191.62943746040912
174.1602333807458
233.21829067123932
169.0357475015077
207.24736632256418
153.2307340400378
204.19831388290473
214.4709919128319
246.06873437228865
181.11110651921163
195.02291902325362
206.94544471190292
192.18404751811948
208.8716959722798
133.67037148584325
201.60701214624487
225.39098587917408
168.36126459233714
181.0046747448292
187.69110444284328
184.63222949748905
243.52997013986248
203.79266857577744
128.2834800532325
180.86097935131718
125.0787086725649
203.98299556518083
223.9205109747095
172.20616297328382
209.5862712218399
212.46391815152106
186.35260567853408
170.81590330909023
205.9893542827022
189.51883131885202
188.27981217390663
229.9650055615759
177.14211790646772
189.1856703199589
193.84857866828943
168.59339427691557
149.10568715027998
163.02196267427712
220.42592943024374
161.15646487351577
173.52044507384906
189.7811236098809
158.5652262386538
206.6718331195527
199.63123211311927
147.52229754599813
190.96207970517904
202.50242372950493
241.4766491994118
142.64946637278481
142.06180414748326
160.26899232343317
208.63412860260246
236.63245886196378
162.57589373999429
177.00998009579635
155.63291957509574
193.91417936744534
217.3670172222843
212.68217333422967
163.70612804478304
206.29969885994333
215.30603290074853
185.7805893715993
189.2269616765608
198.19029347597723
254.06434002732482
206.7746726177571
139.77085724142879
229.41834116950147
241.85045860212836
194.62163016389536
182.60138699692993
171.75047171318747
242.44586806952327
177.6659920703212
142.3452474591593
152.00757928677965
202.48507897489432
153.4741751244964
232.0590455910353
172.785355941884
167.7578810649388
166.49727202267863
177.649850264142
148.61505511289815
198.0289488447387
207.82077882240677
157.72100132947747
197.02732881405635
183.52436809570162
155.07164264840753
186.99076176224418
197.7503684299332
186.57317939573474
156.12855979844574
201.0068353314894
216.53715018139502
216.85201390700848
204.42225038155507
248.7027521643606
165.04853904531655
188.304628478485
172.57308148894083
215.78213480584637
168.28638438341954
201.12690294352547
138.67233013424857
160.6748514148512
177.1700564202986
168.19714701630562
175.94574113705974
192.1895342752166
157.6880731171465
212.37823951440618
150.11834420928972
176.41959145739852
193.21380267576814
157.1404024895701
199.51045176738995
172.2074342750499
145.5967844606839
158.7147843280621
187.58653780334575
211.6815988376959
204.5110848724225
199.32928618637322
193.51574189470765
173.33836373745726
287.22160668978927
139.55060607456298
170.01126478553184
173.62305586929125
133.0012759840934
184.4559093249465
160.8689965547604
194.6367361706889
148.02683574005468
163.15258536797455
172.0266125632656
187.60110322331093
176.96513847347336
215.28094158350817
192.9514219428581
188.3820547653401
265.92075891454687
177.43962422736124
183.75829489301424
179.24821978715727
197.03342783962623
210.90334744588046
184.14818302685896
224.82257594571638
182.97889207671457
210.92847104267474
213.89728984421495
188.76776690782995
225.76534801655356
203.4697042240281
183.73419426000112
174.53855896533491
198.7906166773879
222.76882353519795
261.9878572677185
207.6128620643442
185.8148993017717
159.34145686114158
185.2922280032166
217.40785410888833
173.11518224775986
153.77052335276193
129.3671021570286
206.10552975386045
191.93878753142556
178.89694501072208
167.5291062965793
84.42023581714628
205.61609233715873
216.75507677594692
168.33460085760305
112.63621546833727
215.41516813752358
184.53478930398865
167.8499930695535
143.40626635225846
149.87974701911693
173.33643996532516
189.98237503155673
185.80226341665173
161.1817197174778
273.69540696099193
207.83080617952584
239.60947883678963
209.25646897486598
121.47230921514277
212.25614192302564
180.3550814802347
222.04467112888813
149.7745787233437
247.91610717708966
229.63081204651868
212.93893971838062
243.39827557434202
204.70373634113818
174.24327062620355
192.2451726861595
158.22779674244356
138.99667974624177
210.20822112930034
206.15337880057749
205.4790752266969
239.4173732752941
220.45601776359007
139.22312345973896
125.09703840000581
172.48643266423738
212.0038057252099
181.30592791305537
168.25802905980535
206.59023668762168
187.78101376318526
217.2547670679593
211.13727792430748
210.05060980659007
218.2140397848463
227.87680066332703
215.32467227167697
191.42406493864723
175.85713036365098
250.8417549338965
216.0308592197609
184.23483440475746
158.77486630606802
274.4135721059927
250.31089262845413
188.86639734835316
137.17587647051454
227.1869084335742
239.22384007022524
142.92297820509378
200.9539644303225
180.9986726187395
198.80083711971392
200.57764965088052
155.42924911267662
165.0107063501687
205.37402229463075
157.56306136681889
207.59964811292244
193.88314979328987
183.5577557586399
214.33649571279994
116.06379380258258
170.95903092747986
125.08693831865322
174.34487858265868
173.9808233015349
175.23323832462222
153.6246602190289
145.30724003076102
158.99479821114096
179.481401129578
156.91947866850848
239.46782562380173
225.90242663993416
167.30359171379285
164.4101221150986
172.71969247676432
160.85525954077636
202.58227787432114
209.8282120424481
139.41987321460192
178.66274049648635
182.7054786295832
150.2326351810585
236.96411456725446
183.46074129344464
179.3270786068905
180.78724694513147
187.9359621079655
186.75666047470418
191.6970292902614
187.43273612705454
209.14877152034177
176.22365763562846
190.424365736072
147.7398666866986
177.92282882179677
179.44879472838633
138.98747841487204
199.8306251863324
186.38497724224283
187.89252821708303
189.58800103771893
211.306436914014
214.70991180047426
157.45410983705548
222.74116923751242
213.28888757778032
189.51873384363122
151.10463573089564
201.96729739123188
199.7456700719389
160.1993649330118
165.50462932862368
189.42780413452888
190.38192219196026
167.4917022885177
174.998493363557
199.37536599374894
191.54123935384732
203.7459212567695
188.1893184264194
153.99112343193772
143.27002913120828
160.04851621538538
145.83310421565128
209.94551893684792
235.01791690617546
232.66479743997775
165.58964743777406
162.45068909278322
184.26219387989258
193.86194113190072
156.13444861724736
193.78370792977495
309.0315983548559
199.59169140994635
258.8541415621152
194.9844199110283
140.47508770831277
197.63727359906576
174.3411092244748
175.5326305875125
170.35547773858698
132.06924251622917
193.60698058921037
209.3402704407994
152.80014225655424
142.8145905961446
173.00235616440145
158.44595989208412
279.78756958218844
207.54440509826483
207.46058206827445
187.5753726886107
187.00054988414644
192.27051134249447
192.21123713800026
157.56073476417967
202.3164253910729
168.19596944988118
176.10606681363217
213.6353762508982
156.52641280449976
198.96299635356962
181.78359733197988
179.74816974380448
172.5399038181868
192.6330753241326
163.56794989270378
269.1457408373441
150.4824956768303
183.66617613874655
170.10768162501043
199.68214430946296
201.00177663966988
164.9623813869981
173.3243339309015
213.30794809261263
201.54521794889908
157.8163305456078
116.43453168166552
273.988470214317
139.89576200248626
196.24196053335865
175.99425749122528
226.47812100583866
189.49975265251848
143.10512269817636
184.38007151867964
213.57665495657272
130.99022470797624
178.92064912606898
219.49640846685855
285.8482237521402
136.4502490916608
161.3719105418834
219.71784822181172
229.43706761658134
234.09890745367554
104.1510931123096
231.14375562694497
184.7427579913269
200.66886696698754
134.16035729334797
189.59169024051377
191.82155956674777
142.5339586150804
227.51494805730584
157.513659753345
161.63285729178875
165.38759689532364
137.60209422425925
194.14550417067315
186.5448785709712
179.91998708949532
213.34481025680674
183.03526632309308
224.417639260941
253.51815747985205
157.12383622093387
126.51367335059146
162.5179539198433
145.22381935043907
157.2612551871835
146.76414849975984
173.04727035429772
128.85763913040867
169.64717508167578
167.58242646184408
164.02117787128074
154.32356344559716
182.24825604704313
192.53019352853906
180.36166569687782
192.71282605558125
241.7337139058764
190.58656580647317
177.63797200034372
205.29476845226344
194.89794011474015
193.30414244374447
173.3923742019227
204.0308926639728
183.29025496113647
248.32586794743776
190.20182847393949
153.86532792877261
224.92539391170362
225.93806363210382
148.80131636997842
239.0202764487546
179.16820882049817
240.74959931190668
121.83408078033587
180.91722954005752
230.19999830767927
164.77665336219428
177.85650487993482
144.19839134076898
180.98350680566065
197.33261912838287
146.34582098138745
187.6568352097861
188.55342329279475
157.11246440140883
183.6285648624172
181.34256699486505
135.91125021441675
191.3524488574606
233.2066227199632
274.873991162888
199.61778493876955
195.3407037152839
194.91834771243538
254.7355942282818
168.21234958598043
215.34089195759566
188.6769815343458
178.52893438929902
157.65325135127753
179.4610115240227
172.21907407806316
223.92593238901412
145.5280061436228
190.5992388463457
193.31761919529745
173.10925359223683
201.40234106075542
198.76941456773625
138.52711554813584
140.4715122893568
225.5554101735479
157.2944216706836
245.78627482535535
210.49760165539593
146.3388009599675
268.61957245263505
189.5280732202463
171.09818354287324
176.68727622087866
196.35975732943828
159.13024332065976
184.2406367526992
199.3510736517152
192.40454637027554
289.74306553261624
222.64232672772852
165.2596116474074
166.11636859106343
166.15022742943677
168.60196990863315
213.64500473345686
210.3528413456676
191.64132529648452
158.37120277656297
229.37352616638734
168.10653088724368
239.0508146863443
243.7957860565829
195.2546301210396
118.41614248470809
161.47423919924046
166.99260320501338
196.11065304624424
196.20895876342385
202.9740683939625
167.9485115111121
192.3665397183438
201.3549277108002
193.25205134147654
216.69866171880653
170.13033313157155
184.96942769961254
180.02718728890036
270.5695373615393
221.60372028746332
244.112325825438
142.8133428668134
161.96314847837814
201.5927540573806
218.90781544543393
167.7788434930598
162.98306700864728
130.6471783589183
160.44898900335565
183.02948469977542
143.5528128082908
154.16254565235516
219.06089877668072
257.7081547911702
162.3800494504471
190.66708730119527
149.47139796455096
130.03420361938936
196.71153482928864
157.06059603349476
219.07834441866842
278.97912401247345
168.95279446943232
180.2851234905433
213.61643989523697
179.6345418641447
181.3696795804105
165.2030975637693
195.00936976676942
215.39231935573108
134.60224619949727
213.1267574634281
177.73409577813678
126.06927272599022
181.65801794691887
173.81333793878272
160.42617150500328
221.8420956071206
195.86827756353267
209.3376490107957
182.72325780452076
220.77148061071102
154.75383070599605
235.77423983998898
152.56686009313438
216.01395777163413
136.73834743002038
179.23248829414183
154.79551335873077
200.5240305706896
204.85669474683195
202.38686868627573
221.27614468678212
203.3995669275206
217.7940282403404
197.70289556012463
182.63001283511304
195.18582414287465
243.3677761089178
220.6292063134859
164.67067609040288
215.6905336266375
189.53495457317806
146.68922993631006
207.33825719081855
218.91633106284948
118.02594082177387
119.72239721202197
169.9338917900475
198.80006141048494
185.39061657486445
179.22210110869148
240.49631057272956
226.11633439517357
156.68583868344766
187.8829145296497
147.57496333461714
231.78733979544597
154.97200736760723
246.65312180689187
206.89048197626266
182.65808756822997
232.1684643194666
231.09254979877997
174.95233156960424
206.8760382899678
238.74276181630935
239.0210230222477
194.54039015232374
225.4819551594113
328.2663160907468
196.6518942412128
124.63586537823647
170.65697869171117
200.0663942609341
215.76863780685866
223.61294446681862
183.12313787610302
174.5576468023672
178.47204629350728
175.14398350214924
195.93958541342883
212.30996429913316
200.8552056123256
224.73681280229593
156.98471361447156
154.0644725397127
154.5042817895757
170.71096825719067
241.64499100184767
176.324324440867
173.92226905901418
214.5135982006234
213.03327238391103
183.46830593116317
156.85880583073236
197.14626399299806
173.45411463352676
172.77848863216255
181.21334291902235
201.00991423562326
170.5737653688393
183.61126085874972
219.79577482955054
167.0400265708405
173.96097294999313
187.68748009812214
157.16126707884857
156.72232188485924
145.927701111108
165.91609035542373
174.5444277644756
172.5131281977184
190.14621352241744
182.47915076662878
189.64623334898096
194.24139542534976
186.31918273786084
214.7566105206751
175.0226763060282
183.53053687847404
170.68046416132105
159.44863325666032
145.68306325394286
241.07019592502016
180.93455015806552
240.5560920214116
184.29510197303088
206.55358398597937
171.64788379506294
206.6487191025595
152.07199485507763
210.5872167647289
188.97578901433155
196.8212272340684
233.4172888363638
188.1623973568575
188.51540368651254
156.52342954441863
168.18249444392424
194.4008837806674
150.0705158585999
134.41357812043768
209.82422889715437
197.54932813323597
138.28137450550759
194.70847667937213
261.10776209007724
196.63348748073477
208.12970429538302
163.18522952074224
149.57030169229856
198.06452599333244
170.34021439779923
213.60295663358394
158.77634071127065
96.77423750448354
155.13286975847194
166.52821098757946
165.6798569453448
173.37522844180936
177.19044043420564
193.83450984909175
175.55726010773952
161.4664260722879
186.22516376256507
173.17906658315272
202.47286331704098
139.6527198157372
118.57408910188535
218.6402223013589
135.2491284146326
211.44870943637798
168.4335755614123
200.47267817877042
208.37417587763625
132.2358323433529
212.6947270855266
193.39162146754128
188.58895016030644
170.76284148327608
145.32467239527026
171.26406223410527
180.04036268970737
195.28826177874302
137.77282412468338
143.1556506897407
156.9011688042671
199.9001385457028
181.5127418221873
189.9759324727088
185.49501263150373
170.07611929426432
243.34460971489216
227.06973343519377
156.9645801223406
203.52570249592475
208.16608688785317
192.61566130550636
179.98596899634052
158.2577888346549
223.2446077735456
208.21451072524735
242.40604097011254
207.82807935100345
213.6696817436456
169.00910439748986
166.36118470574405
187.0389685817985
209.94599521910422
168.82990641420207
180.32145011468566
215.96342001344675
223.5438222044501
150.10393417729355
196.5529469429691
178.42565094389192
217.06429246362424
122.80406084033318
185.3713455316736
214.76089249161282
216.92051733588468
187.8683895436365
152.58060150999427
181.3053431277863
189.17230356446476
140.16570686368968
213.4318965392311
131.27743966184454
169.38140212133519
196.1838332328008
198.14357195560393
174.3795818421448
168.76838527874693
183.84018147939625
169.4084860589583
239.08249651740445
185.2118770161035
246.41399207382716
146.9184834427313
220.28954496408085
232.99886790118484
185.42166311910566
168.95886437073227
235.26723622069477
186.2764172723023
186.32381504268082
157.35955241924304
207.30868010010298
233.66459204103214
178.81819275593588
185.92247334462428
237.88127305494677
193.23734293912563
121.64751898724008
160.2031483320787
206.4214503337419
168.61558031834082
171.36606870032938
185.2747424270441
193.366165266174
188.59025343546688
215.04129181434843
151.74358889040428
170.32251706529894
160.69380689829285
173.76518358974494
184.18584074911868
156.2697476616266
199.35947167351506
161.72071267766094
169.24320101579295
201.86778085289473
182.8287263841179
233.92104689797486
161.87129827393258
160.91159438779778
199.8072354554017
203.8737761160803
183.01038583881723
194.31868174606763
212.805334501616
193.34121968479343
182.08916231198015
234.5403695127348
248.4874160470214
189.7415882525825
153.23699548419242
205.8477060169759
219.4353177902434
243.62825613219172
157.05950142625215
169.63167481352798
183.5469062330579
113.02856491461615
203.4727397379949
244.22021859393612
150.37383986291894
190.00232976886144
180.65383935682743
170.99617937321204
255.06975450978737
151.4267891398152
168.43690644668274
189.2579275641775
181.59783410946676
181.65984229145656
188.5491071187306
143.6270287963334
138.61916786683565
117.76359280190084
222.78928500350045
187.6932325261947
147.0107573864398
204.95063948249395
167.1657439441251
230.6716224653712
215.5859574785514
123.36095021623395
162.4542176396221
183.81408034576262
126.66647669383617
184.93039878475636
183.2555400370025
258.34183777964324
223.2072800334663
279.8001973247804
142.8543095736346
171.51096174713126
201.2285785499599
202.38959332516566
173.15933251495076
239.6694464220061
221.1859914685115
149.08073009081215
204.21586778854825
233.77023079217872
195.26299264445018
138.25974417447378
189.55482520798236
253.1208869820933
153.69458474978208
202.45387102438605
181.75733951951256
139.5736228775545
223.40949516845808
222.78071076942393
192.6692266789471
147.65031102381468
204.45104314257347
135.5720367855681
261.8734734286639
175.07136454875965
222.80338960308038
168.86983403721499
211.3587154123914
181.97829173184778
166.0563164761301
196.73017086066358
222.68604109084308
162.5200698212479
189.75565188013013
161.79446369662776
158.32252653278442
151.40246084077668
208.47694833673071
128.53256493323047
187.01538915738556
169.00422300431197
170.23455290504165
160.03956778670013
167.81690111130519
136.34771355383415
165.81993825751425
195.74517679288255
194.68796271859443
186.53069856318675
138.32995705943554
170.62269990456875
240.12409152849085
178.26198561929246
190.56947613135088
251.27192217225462
260.9243431146054
184.81630258812325
202.3175493982507
216.9721390153243
199.76548169903407
122.56309570493518
157.92296705769513
176.79125110262325
191.64225235540908
177.2030568393399
158.07238725720947
200.002115568827
234.15073739517138
146.81840278733776
131.80017903531018
251.11186540058173
148.45139380504918
214.94978834841353
172.62603951791058
178.0472943101193
173.41446423039883
266.89990174302574
207.0054703878932
158.27830465689584
145.96749017164862
234.27439758935995
183.02328173331696
205.58977517846736
208.52184843535352
151.9066463299101
186.67446284345849
167.48030452765315
188.96375642762092
128.53379302005152
143.91529873517024
192.70972843622354
136.43787842901511
172.70268731616414
113.57520193754765
234.6743124564404
204.24291468720014
238.68440824447404
208.1387571959665
165.28683048382337
126.74711379086399
112.39652403946174
201.29939836013412
298.95732222949135
196.11172297953172
254.30830070903127
150.45114664977845
198.06311901512734
140.7939400243853
158.0531340753302
176.30024780883514
235.21896384133146
205.4429265799077
144.00977979196674
162.81713897403918
210.09020041078
153.4274597771424
150.0799759215826
200.21393116291046
111.43487297961543
145.65286791145925
231.33008152425575
158.87531902073974
154.2394618230852
157.18536720797027
130.34591134303932
185.84231516240123
175.54828837444134
201.73933840613236
204.40869762075795
178.81754873955867
189.41797818508525
96.90329309941818
184.4569869485921
197.4535299682634
232.1138677748811
175.80556612904485
178.22226382159354
231.08552347917058
118.71067601757034
268.41564623528757
180.88541530202707
150.39628327501333
188.13391312029282
140.02010642204766
209.08025479200984
214.3480757428921
170.76729696298656
137.0945202019933
191.50644773605626
192.19418740716543
153.8441784382805
175.03794600376565
188.3699738522355
214.2426616254003
156.62460164240895
213.13735225091355
181.05153032328687
299.61927410100657
144.9876798503204
139.61276245678482
212.00042119498397
224.77279003839695
178.28971530239804
192.40218291362086
223.82573480003964
213.24604692819932
207.12583906254918
179.5444207496391
226.01770994989857
164.46517906042405
239.58595259507732
127.97150796583178
100.50266843885196
221.10951146025243
176.38898305107045
144.05013202354866
200.09630978842964
193.68175098729427
181.77308107419694
162.78086796529956
165.84633181236327
162.88731511216565
214.8121389520673
203.59645493463063
192.38215795723374
233.8633359470573
202.3388342558512
219.25716802152726
200.0935897878185
186.07446230856507
212.4329871710759
200.4931614963683
146.30244436675156
118.88387481304339
263.879915878016
86.16706283437824
197.6261064203137
194.26543393958443
129.99084697367294
166.99720840006495
190.5860832294271
147.67392401321607
191.83660155761595
231.50144154215198
139.37765465591002
195.95939079885488
208.0315707581647
143.0713550804351
122.15621524941211
195.87747271248313
192.32554840364622
246.37531873290476
214.10434280112813
232.82850653362306
150.33604343913973
221.13938373320366
171.90915211896646
243.6400758802673
122.73337949100603
182.27226607829084
221.18107561268337
230.06681283848727
119.34479978685344
187.3088495270195
176.76315026508465
236.09692594603942
187.77795123700355
163.09742116026624
226.80896637840556
163.23154125553987
197.52077909795074
150.13159502961702
149.1815644716984
186.34069420904964
185.99721270826439
166.42380223428543
145.88107180772965
207.62461822648925
225.8785145308375
196.74221726862285
180.14417245132097
190.18600456264392
218.56798016720685
190.70349402837275
189.73030576715237
217.16746792023594
224.67590183309886
172.26977625723575
180.42117295644803
155.02346667179577
219.70424174543388
190.5112608003438
214.19732107740649
165.56279912444006
140.1927898120707
244.70007193999285
165.03095333164762
156.84200279383182
211.2511596353045
177.20868246389708
155.5614576480583
216.09201051335998
169.29917102323552
145.56750201627545
207.75931421630222
197.36252140193943
183.43178257205216
228.4418041462765
155.50369169737422
226.4955098071702
158.86593613026722
247.39199960938663
150.20216976567303
143.52651035849368
149.9953381222287
173.44533797639397
210.79693742265022
200.42085193728462
175.51242702305456
219.143365511134
157.14218329264855
214.505888176527
163.88522636478214
208.2856042990036
190.2690475569414
143.26714806518814
181.29910457968296
174.0657373766519
195.08562372737953
190.43358339690846
128.83574821577835
163.30795398481953
227.89210175077275
202.83284897814667
158.14051829084806
233.35571760442832
192.3552628902926
158.3312007511895
146.81601674252448
178.96707177359218
256.96441955762276
168.35818433601557
183.27276783234507
251.84586853113763
186.66770523473346
168.50592485076845
191.2873347041239
213.99046915973406
154.97016464786384
188.7127354611786
211.70479207132752
176.30882040698526
184.93868593569994
209.11394614769384
177.48101905912407
179.2855299828209
214.9219607163923
135.45082343835335
129.92711708157114
171.31317646102087
185.86527793055134
129.31761918463135
149.23473640194925
175.58837406894946
293.6773348340895
169.748556551933
156.83256394002794
195.58714111944823
173.37771442240188
178.60947642688043
156.6126546777743
182.23359043684238
156.8595492544328
198.38936454120136
214.69599607066613
185.5311959893316
160.0997203465025
183.04859565554304
216.2787354451662
224.5959789201107
170.5259470106262
243.50165979269988
181.71689775595686
231.52494025917687
199.86781434540035
159.96560455149594
191.73525650802253
199.27107308198129
195.37654374760203
257.1107420604918
196.78182896295635
240.45800424985964
193.67503846588423
199.20917320934828
226.84510893710112
163.808897936353
198.78490174784645
154.95912868972846
207.4962545028983
163.779808960578
201.6506776043946
211.24549758344548
229.93521561447636
200.20546947815998
204.44730211843378
138.1558789389048
200.30091657228547
187.17241313996445
272.34383571942755
129.39837405703915
159.1894299507212
223.5772301539505
242.90783414220869
210.1979523732953
206.56028201127498
166.9644947949642
130.18625135049268
181.61889671361214
216.78361095726504
149.42849207698364
188.51819554817453
174.78962127008734
163.15653431741484
182.54058697685218
209.3096691229132
167.50946077650838
200.14700444592725
159.64032272680885
153.10849940394323
147.80279906324827
155.257967884228
206.39462231473985
259.4856040224214
218.7005385698917
183.04372417434317
191.8665925107613
173.16947365858863
252.64955762735553
218.05793203500602
186.0770850317288
201.06937444902357
244.7016274861296
209.02987271979646
241.69284505133737
226.62868826736508
201.2619216601723
196.20060697476978
161.07950629394298
175.16060998763692
190.87760403643503
148.23844296505155
146.27600281971246
247.51367780789656
183.22515116970047
232.6221480124258
180.97779258925948
186.96071685919858
207.9658736047584
210.52031277933918
234.8402611050681
165.8243043284935
205.77469889542613
161.77821886031992
168.75112771868237
194.70127368274456
211.95327221539355
195.36354821602015
193.41540731527937
218.3487600819011
181.15688729375697
201.7144149164788
153.659975787424
217.66666230183682
146.00994705316543
293.10515682388876
173.93892616267482
158.47878255998216
240.75971560453624
160.4540483737901
198.63719964896228
155.42312474390448
133.2398281504287
172.58323646826628
180.28795541158303
155.82198666344982
148.49372678040933
205.8887501331592
252.81469848806714
249.891086275459
210.72613783208317
123.50735098172942
232.6526557287131
223.08531845742985
243.52257580495507
166.30916464062355
163.53695795020533
223.7943884319134
163.14268271685222
151.92612168662004
230.3983794641439
260.4980373906796
220.8136715559035
172.1563527460881
256.23411760162514
156.29895985044362
185.6306265640375
200.61881540600328
163.29194650079177
230.60265634538408
220.22563711656395
207.61782108795293
227.94215430594087
254.10719550506872
222.007869549319
183.76738659067306
189.6311168303046
198.78152233620386
136.8693071681995
147.36599246474935
178.41497781790812
275.74121450063444
240.98728509441682
206.74329301029985
169.44650080295435
164.38878360940328
198.4007781838604
174.5895385561927
186.80192295482826
191.39251202610035
188.9726844854268
223.36438683244992
165.65545893557893
143.6415446494693
192.93490540688967
177.69848997728846
247.76073484804232
164.96517498793852
192.1421693352128
130.3962831389274
150.8359022558781
178.5489284324656
221.9833603080304
216.44454676837623
201.11375198841182
178.12731119553587
163.09442954042296
148.15027451445684
175.48853997612184
258.65744288428294
179.81075960002684
217.44442154037802
168.58709840686595
223.0988137093501
213.33674396910695
220.38086041919212
210.20382083059783
173.41872393920326
157.3963744773716
163.01432820462074
143.13307927828458
124.24874914585958
159.41140964074984
145.13007501510694
223.22920382397925
225.90070653423192
266.82920061085474
235.87197898955102
221.25861242262147
143.97130599917787
248.37055158232045
204.4480236574182
127.61488217990829
179.9068009593654
191.52031677701348
169.21684726547318
251.4102690951958
232.23028354049097
199.73779149888446
165.10164190644485
143.50247347329693
177.0956588229265
165.2259231344106
256.21208865892663
216.84532176488307
149.8279795256062
147.4903788780202
189.34899237800877
197.2565566555178
227.1494610434232
171.9660085841004
178.7471552782969
210.77074578400146
213.82939174386462
165.39783468213867
176.23746710326554
178.53050333099966
176.5622379416793
174.08014906074118
224.2781690936446
151.40903585667735
158.0338203117482
181.2503002953573
202.69809479749162
212.48566632846808
182.23340391853293
232.00630398419523
154.6996384849671
153.80273205624272
199.79290623667623
210.93248608634616
229.9781391513958
130.0847258696997
179.85912073361703
241.19483838941363
155.31045798631664
172.9765957797179
166.73327566358083
152.42738640778234
151.24617125090387
238.32800926643523
193.69306098381082
185.14189837601623
150.70272606348658
157.303280713877
140.42040940923164
175.09031907482736
193.18019719822973
187.4106982319061
180.04562388787994
121.87210777329871
125.55430794523272
191.22539441239755
192.04861898790688
185.89820677371947
191.70845396028173
163.186686441985
137.28787928177704
204.19895040606454
212.94077007741703
154.79195751212256
176.2869601088221
199.1834351207862
211.46504889259617
194.18882347720657
180.85431093193955
287.64876293990045
193.72629963952565
130.09959995470004
204.3714782508658
158.68059598849186
158.03936386237217
150.66973111423457
205.7032289073043
212.50527770896943
189.05190080131936
208.23272511482853
130.4076560030144
213.83720647261006
195.10418023452965
212.59195092849967
139.4341977962825
118.88880903861488
184.54689689780415
156.3544608063328
162.99618656498754
195.72723273317905
193.79741376439407
160.05148123421924
218.83517859187293
158.6967219085481
215.59261554444453
173.18055500914892
205.86811820266465
169.33866910747943
193.3035753185083
164.3621126570445
223.03408004067268
210.74956277402063
205.24907272019792
146.75202754815544
201.14580961273816
239.50342209413665
173.34153538971913
139.8392634684196
188.64384244361852
175.51540538149283
220.69682722851732
166.52935674043508
205.24529058663964
234.25414740669945
145.48920979374205
152.73729225992176
171.58767355738237
171.8501701505591
203.0768320766976
164.12179786615724
167.96503066009691
181.81047625326548
184.23267675887595
171.50702898654507
227.5672592196945
162.69690608388194
221.0475895099393
217.100931352023
260.48993319705374
174.98966706906077
126.0866968895448
205.60121976085588
188.7255028565742
177.81401912823162
197.04414957499492
139.42293523316
203.45793910875295
154.3525056423255
228.5171450866242
242.3527508326093
230.76226572352593
171.02697070411435
184.96819089307968
165.602762054177
188.694544814832
176.87381456501203
197.4369008537692
179.3147339070498
200.4739960322113
251.34387111338418
152.14363710828292
201.26237771292162
175.03287567365078
250.73901089221283
214.58791747086732
178.80767672327198
176.7612347604604
136.48314645788435
215.04293629911052
167.10609963745014
187.15453715157292
202.79057029086178
161.5985972860634
152.39265453518982
171.36800571430828
171.71659902310995
185.9836319377698
192.94222687019024
189.6110817859909
190.5614193050905
170.9523990693445
197.27199174282586
163.19373863660275
193.0370510420905
237.26812083860773
196.7332480184341
133.26580641605437
219.12074587805455
157.34000806360262
165.2362083775208
175.2309888337471
170.81953132806393
126.33099834812379
174.76960505362484
214.94489610787414
148.9899924014445
117.78475626503808
189.88607001367689
173.7330435096238
201.08940069952124
195.07795390803744
227.98918411512446
234.8283244302346
187.36219534595605
209.667542671111
196.2415694869394
178.20020520903225
196.86384848651878
170.49755449139064
258.61955618551883
288.0633672967557
230.4309330375173
179.56184839106265
198.5608868048262
151.98647440288096
235.81543133671832
150.43577598749616
143.39839446336399
224.60718279916165
168.39097758467122
178.17042543554447
228.18545284451278
200.06782980654597
192.14417151244209
186.46027704037053
182.20915362419908
171.15716540037747
209.45722845220396
134.1759804748075
192.57284467596986
189.79281981659202
197.48349192529525
208.79674964828843
167.10029677926448
242.67265535077658
164.3639493788062
169.5739517331518
159.4027271915842
149.4033896982212
199.9744449691413
240.35487311748366
200.30381333504806
132.57381024488873
196.10085847646906
169.14495432187243
172.10181318648836
204.35075055382043
155.75465571984162
187.7752119190659
110.78192642198091
128.55000098675308
171.09929802367307
204.21139395848078
177.03804127261867
183.10064380850656
131.18067236460206
138.75764716210475
210.50421935139363
231.33453327518217
230.4170780455059
209.6977995067062
165.47762706341481
178.9984729386068
201.131256957218
264.70022979499146
217.26424128864556
207.90087751235112
177.06377576206387
200.68295678205249
209.73153207418449
172.69801343685685
221.6824780148744
209.83912549637017
133.55809931810688
165.73795322915188
188.3627610957869
191.67208512762562
206.1187775572039
220.24740012218092
195.40417141863932
188.47008205618647
193.98587854183918
159.3053563326504
259.6666114934408
184.1789381874284
173.9642191217202
153.80984997832454
186.09941524311006
177.72083747571529
239.6483168117108
103.45603153269117
141.64455238293522
200.34946184337684
222.095833710786
182.9067438798219
227.94993409182183
141.26522410113174
245.32082980085747
221.27601140890457
161.0862211310527
145.1249115502047
194.74532058897074
187.04547132106163
211.9674895926445
210.42312279299756
161.96136421463993
203.9625450559786
181.9007023877646
141.5825321214859
193.1143407888054
160.11186131153966
235.23464049698788
217.90384863072018
207.19951644389315
193.46411842391973
207.4442188540761
202.2384181930269
175.06797705910378
265.98045977364376
221.34853807514907
133.7990662618084
142.64246457096564
222.0752843868459
160.53021414471144
191.64284892167765
225.38450133534266
208.65742801329634
180.74460501996634
187.62849597286188
193.59921101943124
213.10090923165734
169.41634743516246
212.74572897376967
229.90561425141658
232.11806619083873
250.87303605791766
222.12885045858582
214.38661625738536
161.1122271244362
199.64570448072874
182.3104479031001
222.00666602735407
203.1353251394846
249.56467334525703
228.16526687674101
211.10042408776627
201.00174684511657
185.13077469702284
172.51709014383414
214.4718194611021
204.39632016546483
165.9819540635517
192.20988409797275
184.45192886390012
169.67124832818712
175.4325049744797
194.0549188057956
185.64941632301833
205.90145808344056
192.17968453986998
200.9075868975802
167.68180916598877
151.13350515868217
230.74478595320255
129.76581178472605
197.6788345659686
226.7082934387642
212.35948911645812
216.85966223005292
126.43033440190625
243.00140095059197
197.03585698893036
179.67277893435462
213.86205285467253
212.98843252119403
268.9071584674785
200.3618349659732
174.67305207807826
188.81297712121864
185.42258502746125
205.70732983504007
226.0146298852578
165.54903835358823
207.11173711123908
189.37565370916425
226.42590149267238
167.53778706732976
165.59529026232016
169.71551606055417
260.73097440839507
190.19716983188655
181.6544506846888
189.54665156875237
143.77163477592
201.49429411263824
165.1506159671329
173.8925962192405
175.68399828215507
230.23383469220354
194.8508880124502
225.61751148493119
153.18750930476915
160.19326909517378
166.08527231832184
168.02896645115078
140.09249411606544
211.46295158248927
191.06292789968387
125.47053807920247
235.36043688023622
229.66077009570427
148.4843803002775
122.68339573104682
147.1327602775705
185.57107117449067
184.33408772174153
192.75965999066733
167.30762009059782
228.07046634479622
228.61879711307304
163.9569542563896
200.02226979815254
238.7243035983804
99.00166760128762
200.26739089443018
161.46516624476308
219.45122543421996
230.79339660445112
199.35492485032105
147.3563005953038
148.29141839688288
195.84753372944783
200.68111058246996
173.52296588041756
180.22132858274463
201.06511155308132
238.0646019826599
189.77475889129087
199.43360398705292
198.70680564475575
200.22554733962386
221.82125645654415
182.53270552497182
233.03484601819616
188.8066490319544
170.68962558231712
220.60565147262957
166.90860428687333
248.69972493826037
202.37407182732446
234.8725185667317
145.29647691374933
213.4252624177799
174.7009305774205
185.59461453913536
170.33775070988332
220.6854425229691
175.87511517837848
169.33011028725957
214.16816983926697
195.11762282547102
145.74085456570583
198.1751070778934
181.39471893486882
193.24506943336596
164.92580512555014
255.32579668649882
219.8273688744395
166.2099708797406
218.05588353143415
194.17371990202054
172.02827919244763
162.76719789698004
192.0634288031145
181.6596127489247
157.42333545373012
232.09304548528297
191.08874154613537
203.84910373242298
255.98313487094347
190.10545671518193
170.3024397670748
221.7370980399123
169.14990599701946
200.8567716271198
152.83830200805835
244.8138874412507
165.57794877465784
213.90374733576692
204.0816863259798
122.91651304297665
201.86718413928193
191.775724402949
142.80139969959384
214.45473454184827
178.58572131315464
167.23912508075452
147.63983126053918
216.50485918340195
224.24337989018332
201.9340855446748
166.92625275625923
144.20113079011347
147.71660066310832
164.37488252408858
163.75514707808034
251.33703004870537
252.6660523387293
215.96390370500228
164.76674126916944
204.0825502242403
205.39919915775897
160.03016053944566
210.32509316755224
238.59074848207422
134.32133362187705
226.2212651939301
161.06569544338413
229.99806064598775
233.02674521554408
144.0206247511227
180.29197805634584
171.07585805528956
150.44443239884703
219.06917852214494
204.99124693342216
146.29960010378835
148.04882482912532
169.69246302372002
182.5134974120825
195.15432086237624
288.46832391197466
181.67666423362238
227.5090397319493
186.838186804718
117.3215190655595
166.16045135885054
132.67304749326743
143.73869976094457
266.78136930941156
199.86486700705794
194.19216893068062
183.19762307373873
199.12188282191488
163.58806536286158
244.02490889780762
140.2795384466979
172.27490017211525
172.61196243328703
165.51068845027748
245.41904686643042
240.05909047933542
207.62685739111205
179.22321212427755
201.07320841116592
194.86697156494898
161.15976334599264
187.28115674686782
131.98983943880705
172.99943930661536
157.34930262042587
174.40507565190117
195.0656980267192
189.33666728171556
183.6707169017455
187.28822388910012
171.7185765346075
202.4182893061719
176.7611638896344
140.34675169288045
183.15445650002655
224.71934150568538
164.79454206488614
180.8877418358705
176.0826042034472
169.96983846573005
191.740673962054
200.3619827096135
125.3261849982101
165.0525853737578
157.55265276224824
224.68428165443072
224.70429810823558
189.67065968830008
166.62971488780394
161.84700611449415
186.83273872024674
162.60127230717146
165.46974097540968
186.43260546063811
203.98531982662792
157.18566502403746
137.10534099180217
146.30079988138652
229.04631106447573
193.89939972287863
185.7016924344392
196.4157171321996
208.48233330797848
219.66953946659686
141.25515537106403
203.00805673582153
190.41698767827617
219.30672369228543
201.733015727031
182.39789492057744
133.37349015733167
187.32272531579872
259.757993012765
179.39221304248082
163.55415103798188
200.9309035629571
205.67018238690162
203.5048960720009
194.87886808504652
195.90040281538285
181.86693971950885
262.87937326425055
196.39285060740207
231.28395450617327
207.55688848249108
185.68542640502162
199.66638202677885
143.79034816486
223.81894243039818
182.5580120395353
201.3987272410719
260.57771611102527
170.28604378122958
166.6124052511948
207.39414892282645
229.91381737579093
190.05158732916684
222.25457629691618
175.66731271718467
227.12246384587274
193.51150505831805
200.8027922320221
218.34352124845086
149.87712268824555
217.06103990685872
207.54788034087846
229.64859207313154
168.12982117928618
185.57385910045335
144.96898479958423
173.03197579459408
180.52063313348876
170.255592128295
187.87798063838062
184.23550011098789
230.45267547912772
180.70835965293224
197.07780929623118
222.39067281865982
162.62807051879517
160.61783330732743
187.16450821795036
202.2598865180689
224.90308138759804
179.37227015756235
157.56367287598027
144.6881861632865
258.83296228699163
167.6971188954158
170.43715083615464
180.82848514341177
263.3775966519285
284.5684587044125
176.41439140704617
200.76179790222946
188.75821789452078
198.3628359245329
242.72206037454345
251.1973770472374
201.82067514406077
174.04149483175505
203.02180941718743
224.72702347352444
151.61672469458767
151.40401121575707
167.92056944446065
199.2798164631422
171.09529192178405
220.00023854358867
217.2517238855277
174.56120107964176
227.18641337925544
207.52490819013173
187.65373530182814
202.58095059198746
261.2705990577167
191.90044769973701
191.0429758378113
243.50387317767073
209.07642136289124
232.13823118966033
210.42185196075403
193.84185318877704
156.23431541633866
262.5154977349525
183.38198035661782
214.70819375929892
167.52476908683184
190.5872460773992
225.12570827905893
205.14139307089445
208.0985061041582
251.84213854882384
223.4698454462276
141.37461787737178
152.0316035849717
164.74783204151856
169.2862334284323
206.76897676771065
160.30699106725893
200.585557469422
178.9512252435919
205.65531526071663
163.8773049080822
211.04548288711914
189.5132669631071
264.3092806895222
180.42927512389426
189.162458666318
264.94885338452247
141.47608986245848
162.81117717365734
223.91167275534946
243.33822847961005
163.52451225989395
140.03065929295417
155.4545260931392
210.4963868466584
184.258428564519
167.8744665593579
239.02361893336007
211.6182167035435
223.62379831353707
166.87593003569765
217.52332088859967
199.14076444429162
262.7714972917333
161.2411056824307
239.67194350421886
186.724194802662
154.68554549784068
125.64564993398805
201.92838261104063
141.88783835507698
171.0275460678362
230.61348253799312
201.5137407892712
208.8294712442159
213.83175917707464
189.98293900496245
162.63123894223827
156.90737021834258
288.405521063862
152.98019850477405
143.5733484614523
168.59207626706316
132.32537285550177
211.21828953873336
210.85785448781235
223.4195662235385
224.64242056925576
231.3915303642677
142.4794890775208
233.130029911118
129.8531412602606
181.33078369506885
185.29402701369435
134.17849839158185
202.76112369181612
162.90063507355632
171.822579303063
125.47386780300593
231.32934202986266
131.54974694444704
195.8058629098315
136.53660639596526
228.2664016562296
183.66703074808967
185.4556545637701
222.6789558882413
150.87568203738743
202.65502876268326
217.57266387938733
154.4545263791205
181.01123083334076
185.21558982577807
151.25517228679794
185.3399949507595
166.6766938427582
116.87977365726854
114.76272975116409
216.9202733570768
206.48215993017288
212.20420895368463
110.60058809719904
232.095719459702
185.53357682909981
241.43606059383015
160.4663792244338
170.48563351274998
236.34535343413322
180.69575816343513
195.55676654281126
207.38296334935526
192.02271635411526
208.082775375621
209.3086355852809
205.82943192305686
155.22057726255304
198.21006648423392
147.16494127147897
267.58415166766264
197.54089879400502
199.88469078918493
214.03228240033886
202.76382935216344
212.57102731167416
234.51063078151122
284.73409431515057
167.83923137579907
238.3597071154375
229.12981341497365
159.22243810293824
167.95812298357134
200.2372908039185
156.78118398918298
161.22580936671886
167.95303908857812
221.52337910939133
173.7899405891091
143.98353723005619
152.31554442473978
217.53209889115163
138.34374221129613
206.37184632498463
149.19247460512128
224.89487887198413
184.9894997681793
180.95948142035704
202.8646004096278
149.82708057173352
185.16236747448247
225.09311297410738
199.09315499393878
225.48335297921366
183.8917227487087
206.62852837476538
152.3028827059402
252.7853301164583
163.52719185870134
196.3241080314125
125.52826882339897
197.75023798842497
180.85438978720904
234.17854161646326
259.16038422409946
172.93547884648194
215.20646905813535
183.43696318412663
226.464115068766
130.44410348546756
176.20072419144364
215.87732146263346
131.12986087366858
188.52230609636527
187.74881772707337
172.6994418899124
120.09404095053046
195.22609577368345
232.80435437030104
182.0593151659901
215.53741333573075
175.38251035298086
156.5955399544956
274.19628922635167
189.15129373175034
155.568848743084
152.8473685071853
202.64676970570974
213.60418074796306
132.97878476870505
214.52157978555638
200.19174304583498
165.49848225458007
200.97329061640477
274.4306930266882
171.58547680473038
182.13398627765028
169.84576553231202
258.3921502736307
224.1280280054894
200.22743165264768
218.47946626230197
196.4217081684175
171.53268516593894
158.90055754974773
177.5863342174414
256.57688115957814
180.6806620600301
168.7754009685297
155.44890772202623
128.53424313763782
169.3555884685649
225.1027580480821
223.70388917456754
205.83558730680187
161.5848397286974
203.0454319372384
206.2638942242867
165.1874025171934
193.64133882813562
186.77327945675881
189.9188159010789
174.53661800760662
163.27132226547647
236.41456909737656
168.85031384002127
195.35384513016004
164.39278908521956
213.34316886982265
234.24103817787022
195.90980811738734
153.16485024821134
251.54950639373263
159.15719524900743
254.52882939522814
207.5444753076241
155.63009971728576
207.90181661713177
183.357007522426
170.4667648902382
286.9156729579766
92.99222065840893
239.31657448117
156.61807264978418
214.17993569314822
182.7388228543407
215.2898342698764
183.92382911687406
200.5346147242983
149.1926605999202
223.04016358908558
173.71887360783896
230.6609099190254
182.60633187759544
181.82814836593957
166.64298985083337
159.08283169742404
208.78689506689807
229.1768708949738
245.8529122684852
189.19082436816893
192.02148762505797
219.1634856850375
195.75275010377828
212.68444941020024
130.73912392080834
194.1986678942539
197.80521589282347
190.79701729178663
257.89286676920995
198.86328788305332
304.9859037732723
189.074357997472
197.27898703308034
146.83012651291727
156.59537490175214
149.3135084123503
182.1233939459928
166.39659392159678
189.2651433851926
190.41442627105354
162.29765854646962
196.98719619024385
210.91319934789374
184.04804185415742
191.28742009055506
182.61209600628408
214.69295275024487
206.15761793537507
135.73493691495375
116.9025841593529
165.65250535562492
189.80387569419852
161.77480256248762
134.39720892648833
237.0312514870932
186.25001963619977
134.84897770025026
160.86941963076734
294.324229075965
232.24901142140519
164.48368325102024
134.86238058100238
147.6514810578233
215.44455733806413
157.10031469377645
196.6062748212254
168.53042455195853
200.85903044959437
184.66581870669935
199.01697910423178
230.801308921008
246.17287000515714
200.37237647029397
178.31658302838323
153.15133826100788
118.36577702095373
179.03846128750092
154.63845146214794
157.13903085959862
207.6324227822927
198.3332665085323
215.3170796879756
208.5749864696872
177.6612119750478
192.3557345128665
205.18054056167492
218.87060153165527
171.92331176107237
199.6977814796722
175.40106161857858
207.74010191658996
202.9765163174572
150.62607038138168
226.73185548158776
174.46537917769024
218.00964711058347
195.34756414420394
200.7448171732173
223.12947090324428
218.27469699777393
200.36071233658248
185.85439545361365
171.42964328436923
225.0188446557852
252.36661023262803
188.4484858394524
212.0816347765767
185.61139055197597
197.24801350449124
187.19815513529227
152.60780052045118
184.51533658575352
225.05694247306926
191.44266139244968
194.63830343179265
190.6823356386421
177.76634131934586
163.45700062243847
165.99107882714395
175.65793498999625
149.16692490496726
219.48579622037872
224.07220323196321
200.05895515019967
187.09025406608055
186.21392559747497
212.72130665307134
209.98327679204314
173.70622246329862
197.70240485097068
244.79469979740063
172.85125610445763
118.40610326409832
205.88277758982773
182.62726681417845
187.69092957018933
187.86435989459278
181.8602296802943
174.1150059579599
160.47209945722858
167.36012287494665
220.82653273324814
158.74434188667712
210.893900153859
169.4942675444602
182.84611725558884
168.1397352674194
143.0250683391348
192.41934216291767
231.55408832987445
170.26624535625027
196.23429307568884
186.10483608153763
142.63112986512425
176.86756300215822
161.20932722752121
210.73449300999144
170.13844313522233
200.05094806770379
195.98775615518977
187.75236879972502
197.53233400173968
206.26945553662958
146.08924049861412
221.99477847695502
210.94233639360618
206.47696713549098
147.78837083369618
212.24594130505702
175.73860351559887
166.67550253366772
118.17541234957933
196.85592013573654
192.26872264083488
237.0265996403828
219.42204295178726
284.6141221618136
229.17868860669475
175.16889564212832
149.97379855294486
185.9011510806039
162.13021267148065
191.9541284617059
193.51685924715164
189.97022424921283
158.3986689881952
142.9078537328517
230.68625397273672
149.42909615462293
176.8995701609834
141.51431598559958
169.32759879973545
218.97128660010813
196.7560930267394
189.13818058610624
300.379682283665
170.15996987650024
221.64994799589596
202.84927561488044
187.84886476075462
261.05405498591244
163.86785765732898
207.27038881380625
233.69818588809625
241.86479849218182
184.72748554213445
206.71962080941728
158.26926577714568
185.45179793038963
208.1753747597211
191.84207342509754
262.1761873035714
234.04299671497944
221.4565782834706
198.19695208725636
193.9580695941835
291.7637447714756
165.65613091635632
228.0700969414778
240.62931313936045
188.05509024690102
187.65331756056426
250.7655905173332
265.81703031295064
124.51009977097607
193.41799875846456
216.266735164113
177.94559145438845
215.5333837736919
143.57123945873252
178.7208499830998
210.54944284144233
209.86916313655075
157.51298844883087
157.4860489390674
207.6041807679193
224.0522412139764
191.21811737489298
170.47542642398486
175.72794726854778
174.23261987105187
220.22852591759153
191.116018443845
227.06447196570392
171.3883664240468
203.73571975079776
184.1215799644076
258.3922207304216
208.1701083272376
224.4982618013921
226.01452629931325
185.31777752187656
200.82146822591278
221.39172553514507
185.7575752234728
240.33617660795585
214.34146200778437
143.8048637369657
151.50530072785511
121.70540340958861
200.50149338091796
198.26259124333828
193.1419193247376
146.5960998077023
206.07859607256404
199.7333448043048
176.08944213086974
195.40482584169038
214.9244956555779
178.7646639374822
201.14218599594403
155.94109932829275
182.87404759604675
163.8095896888242
255.35746522799755
245.65649142225735
169.8097737284487
192.52965407525744
217.34278355368008
132.88477695027214
208.33126769830693
162.0184490247787
215.37945801113938
167.51151053235063
226.54294246422293
209.3951247150582
111.58803191189737
147.62450126353986
147.0732964887985
210.17832849130482
144.8668351593703
209.04130707572887
174.2034523753416
204.7437442298254
186.7531846019201
181.3024804562495
203.9614857216355
249.84902590641929
145.87752295879326
169.1759110223304
157.20632553173013
222.13159471428463
220.7080319653606
157.52060807038188
199.3581687806299
244.4574190202258
218.80966499536302
145.22418540430508
166.88860956202316
176.77287968834784
171.32918390812546
134.21030328384958
189.4993362729049
195.24651509352614
201.12824283633728
177.6287892414241
213.8193109051349
165.47947734715484
239.0392931774679
167.00555867203744
179.65492802733095
232.02905948264325
189.94986510211746
163.05683988771045
202.58432421206945
166.40870705566329
185.7139867454883
187.17834129576696
202.3861178891401
190.15476851761736
215.52309455402363
148.55923410000597
243.57648452228494
185.64676147173947
190.0606376267625
199.84971832324698
217.0785379944903
192.71496643101847
281.22894168224065
173.5320145476639
235.6331238110498
195.62022825852583
246.4580602538445
186.40850524154132
143.51244467756203
184.11494587492766
217.9661902828379
196.5797995376793
154.86007609039453
176.64542569946343
204.90087974071727
198.4896644851673
161.70808815859294
212.94985895572205
137.8075058991255
222.18421856872038
199.73077108549936
209.35453272130184
222.99282468833545
223.1661077459169
199.30815687535326
215.77008765407663
213.96728956191623
159.42528514511963
178.04112824006307
197.42011897781043
169.3137677182401
203.6441467882214
203.13984656780906
153.61976027720863
169.7101734728267
176.83336144951028
161.67432457139174
143.37640565943758
208.5491571515878
160.12311633767817
186.15784535042673
252.38227682499212
175.01554002145323
192.00912543724522
201.1223625732434
176.7375597923957
181.66385544736488
236.3203711675562
214.63224420904922
193.55711231097266
153.9656911779963
181.5538577666813
148.7124687677923
186.67798260466935
165.55614840981318
220.75972872958917
196.28845414451112
163.83593347663333
179.6114333866152
176.23540358517653
161.44895259146963
236.8674199103003
242.67210558416303
186.37477000549995
156.24487776871246
209.2036345203317
165.92206078912338
248.67195998785934
109.32558516678834
195.8941898186165
228.13310232762765
164.60730729394805
177.81271817187354
176.62416374588963
213.75045802849192
182.4513580254196
169.75345603800335
226.5978814312868
188.01130907998206
227.5659348978497
193.65745799556467
128.20634854146806
156.39950582663897
202.59355043635713
189.56840142413765
264.67303474165186
190.6097113407305
156.52151902058677
250.68791789359608
171.6579121726371
178.76906832755645
190.68645124237668
217.1748635266934
236.15281014355713
165.80148807492338
221.82073115726106
172.1996811581693
235.1856134110854
226.0636342711205
161.64999424187678
187.60826076573272
206.184770338523
195.79122185536954
233.7423101674328
132.25073770885936
194.57232964426717
181.48949171729933
230.4755361905874
234.39383726047717
258.6610517756171
172.98771678690315
148.36834553335726
213.62883898271446
151.90694659068456
197.7039568308362
179.84989393006725
265.35707729658776
132.34289223336526
146.60090859083957
156.81581794427987
235.42776954299242
177.07431271550482
222.714279298249
126.4536479766475
140.72858173675044
157.67301458483132
227.16963177780983
218.0102224312981
155.22708282047986
151.91905713482154
160.20103112308365
160.46255889568417
191.0486996553125
184.41995721171676
156.89970547004194
154.4241826816279
241.08825239458065
223.90195041001454
145.48151061137634
230.29459816625564
175.73719453369986
131.11860091468603
162.00714987057856
166.1182444849783
218.3151325392388
205.41827958958962
164.31532626521016
221.30333016312167
232.0227830391107
181.24167817665983
136.68144301602732
178.88426274835197
193.83961241291365
141.47253326875378
207.06283334760352
180.11546988547016
169.75139511737385
230.90992647747925
216.2300522381885
162.31694961386955
184.39861742751575
182.2300015752409
228.2500746019523
171.68802377510795
143.88232450734955
197.27956486870679
229.6928268496975
218.63074498697097
227.20884074087633
172.56486018916326
100.73160876378013
209.81405547631948
178.99772511508826
163.10971135602517
158.15305777170366
234.35936573716364
183.5797518605868
182.03685135828135
235.69185890868079
220.41965185459725
280.3318257782058
143.3240025284644
183.29194053382034
201.41923672429263
205.38569698334612
200.03032116294622
211.18791077678262
199.13283293970727
136.95976018891295
242.5336418254342
172.44722360707917
216.85711702983596
163.86844759701737
140.45214706988307
231.80339336251106
144.0921096402987
207.3979144936332
230.5378116722377
192.62980386377373
192.30821395349818
188.44628845183888
130.02823484313365
215.80281874893905
217.35358683876976
204.67909804009338
215.68538909376474
165.7414189451714
153.7121792869013
252.07210244033
224.5967880743775
222.3186537363279
131.01574047346028
174.29016037254087
206.190399374745
128.271466318819
202.7755877372994
208.91728739346172
234.43485989757025
183.85817193120252
136.3622424548162
128.68508747698021
118.30672288460065
185.06626936245135
215.17456583199132
168.71688456603442
153.47432845964195
260.2678095517848
180.65487391932035
149.57340816118523
202.70736627440425
165.3505066178892
188.95994900859395
185.99863648707225
150.2888733967171
188.25022994879959
163.57936142553228
246.73592578859663
149.91413894781118
208.47763786030117
215.96843604682005
189.1359318334531
135.51491987645633
189.43885765742795
221.56244150767859
169.8987207837686
163.33275303118535
192.2260362584163
184.0695407294187
187.1031067452894
164.26266559717527
169.4832036932737
143.44330778749224
175.19497246416572
126.09970061497549
192.43304366005967
146.9877124761533
190.08925382975943
168.73343868790906
156.64281655908812
236.90436108370875
226.9217460510141
219.09156423921007
193.68992219526666
223.02913693448474
168.68972920995867
220.9730351367492
127.95334368706142
222.13356969681143
212.81639045151042
147.70330132013464
222.0280074358343
190.00980653984556
178.6656887113734
154.71043045006425
177.89837559897086
172.74358413228242
146.3609265919294
115.38223618207695
227.15559211626274
218.21298076246467
142.79439164971325
208.35770076024068
165.36306011926393
165.26860443860195
199.64780834489255
202.79264853312966
205.40517945958882
137.1636174859278
183.42645306917623
224.70057650346777
149.99948229423634
179.9607525620154
165.61149050184645
203.47219020947392
155.92962772717905
121.57247936121622
261.20157791220015
229.15569677598475
209.20641910448637
155.11131503911227
204.8286116076514
175.2668573215602
203.69035495465928
191.7410875158178
197.7726051873866
213.49262063812787
200.95538778790328
163.17937788256498
158.22218397009598
115.83939668589612
173.57654786760256
137.24912186920275
213.01053558543222
213.2574242801606
163.79428379859027
225.46657414530446
160.9911858518656
219.48702898966124
211.0200463343819
225.14434085232187
225.56344389233723
177.34218644267736
187.71876194393292
236.72571679642326
181.46845529795286
170.86768106077722
202.8635801630796
176.88342466647762
190.91660790402895
202.98670671902843
213.32793755620423
206.90184182823768
163.98119250287647
208.68345799180247
154.1826120764337
168.2471128639837
136.60224242370438
157.20430522741128
198.239961448442
188.53330613710278
258.5954626009343
222.4458922657315
132.04902477747058
157.3613800369478
201.52073076614266
226.12128275390518
200.4901876558572
166.39872182724372
198.6094515934615
203.08056995768104
175.65173046617753
182.38026915978173
179.79479778681107
191.14835284186628
213.71384563815676
198.7847425555469
179.64361543024157
123.2634168221255
165.6539770391371
155.53803639463325
165.75444427311473
179.2681030371745
191.08840854376587
177.72009152000882
188.6104551779309
169.06666284272904
157.36374074640756
165.77044590383647
236.63975783258843
249.2531371424637
236.10982948508388
225.00639557725157
80.32654856313458
133.170064190652
239.4710126346699
140.071596888815
217.26997337345125
208.8924100165368
170.8410634183389
188.74329121808503
156.6467194520298
168.17742686536945
133.9159106854032
177.42475049913278
173.50659721536658
206.4776390905714
176.16301088634103
158.3098903880056
175.2877019361158
184.83157804550143
185.34236221136524
154.60205258095175
214.67662779895178
182.34305206143753
185.94353123151913
146.50907634961786
164.60805543892758
216.487423513564
205.77296299821126
180.48886770334005
192.3254594187891
247.93663648076745
200.5238729689394
225.4778702298935
181.53946010850507
199.15307530506385
203.73646663899132
164.8116606772173
185.02687113531127
187.6964038960843
209.40779220672596
136.68018461920622
172.61478666756642
161.74924718927258
195.63494294655084
228.0777506900218
120.21976983526372
171.11167950876296
183.468050451461
236.04138615944188
226.83864233156717
180.35441046697454
153.61781641705463
254.3163212188256
167.30998257452057
153.83249953072047
171.6020206524621
167.0601950818197
204.68547403372267
227.87161422132544
180.8954304046831
218.33149262008106
148.3959895403507
211.7778531758841
211.81774257378643
174.31227958177257
135.48956441214918
179.48517036795164
169.19241692897472
223.6921731326055
148.1812471545373
167.32570452369256
204.91585490083406
200.2594043755696
198.6122484309506
246.1972129851645
157.30926936425462
192.98026628348777
193.52773446810568
208.4714705865087
201.20727139293788
220.49145411125448
195.0850525877569
259.86228426778746
129.75351064364207
168.5641467395249
112.29341475503581
236.43558541413975
172.09795909690183
235.85369957850776
121.0420068017881
188.12652169990886
219.47430430086953
158.02408323090094
167.88368239402513
242.3777513715733
220.0620129547621
218.92579892329607
202.62043249001258
211.84132039864502
223.23240741022005
198.709683035036
174.08482997731176
262.7486839887663
244.62530309882467
198.12196970674984
186.610558309055
166.9334514277148
216.20014413911002
181.83189310711677
182.66252408590537
205.338479263017
168.94474640763946
171.77358205676003
147.0003883114212
140.1144937900623
146.79657655964778
197.2985978675848
171.6095410652978
160.3931199891332
168.22691205706946
183.2153881794298
150.20186125178142
203.61614346542925
208.80849808072276
218.39510107700013
138.0561119024199
205.69329775584447
195.5071376090129
220.0508802376967
178.41087768173784
185.32731183291335
142.60827929462178
200.90873963015002
207.60807343365636
215.46279569330483
181.2810591968009
176.1310025237106
175.11053943176753
218.01926919522933
209.88080968088593
179.7846602898068
180.48304341984206
201.06756453961552
238.73128289070988
254.58554288216737
189.24117787018994
183.9157009224686
213.08163766593378
158.41291317736855
191.8362120956742
150.05353728659966
193.95500958315887
184.80289874538576
198.18798388195495
153.91959696560232
225.8554740349889
148.85749876400848
167.85877137972759
181.86809892203536
198.22014149336903
174.84754865439305
162.21630848927919
150.9817079174519
183.92801828507942
195.33170650876343
147.4279210442527
191.54610416408482
172.4151977581557
135.22194215131688
182.81596877076754
146.47619620021297
166.21931928545206
165.64903273827179
189.8938052299752
135.32165017990056
187.4057662786466
204.26698190770702
177.68937346279907
228.54401241590267
172.71552050036541
210.81041330650038
160.0380108403224
174.3306955464533
178.53702060098544
189.86066359182698
169.45892371636583
207.3528630162526
157.7717913963534
215.3397731716192
165.1963054319486
213.02385362901833
190.46043841977365
218.56795337150848
177.94094113823067
150.19697264864573
175.54700556654228
123.65174259439931
217.91918573843972
212.41348742572634
233.49215890792354
222.56648121906898
190.7005658615731
175.2500852423161
202.66975113238612
213.0458592204507
179.42411186591704
202.608399080662
162.35727485011728
260.2758631873047
228.84831800078905
194.43555508670389
161.98686924291158
244.16951503725693
183.86849442955446
189.43666783821138
203.78256094883733
202.05944165284765
178.94267574218614
201.76567193985204
204.73581515240076
194.68716122080957
139.34825746304432
166.05867109117358
173.25340378390914
207.36479535801553
164.8191201992307
217.20088633420735
252.66568765718668
180.7245298930152
178.91042549179957
205.71674598317466
187.87768607568472
203.64970609120022
140.57681085607015
173.29661555002673
225.9004888107713
181.30442239493058
201.1138005980186
180.75047290242756
216.1567913698604
256.6264564366569
195.33805774906065
237.55321354438323
206.22532747150774
205.9226168670556
214.58092385193783
194.88087908657454
208.78703749285208
213.78409422963412
167.23200062811011
157.43434674230897
174.03134605633332
184.5172330036007
158.9769336602768
191.8170854276454
156.67634653445563
156.63213340337046
213.23668049018556
190.31411457479533
185.17436511761133
164.6183669718339
200.33541853922645
155.83855490427445
229.1897829113267
174.8442340988999
217.9123677907837
198.7737720232875
205.7598658281566
206.13854546015165
155.0246069616041
218.95502642412174
180.72040511928154
195.67471712397509
256.85126382443434
157.4668756781116
167.74150665773368
232.7686467217439
209.89063924050356
176.58010643121995
176.69374634803998
179.18910896384884
209.77273213243433
216.64981751316196
153.27196404025514
190.51048328026855
197.0533320731105
207.51929611805136
324.58968477373054
175.98094220563027
220.5892645716455
201.29673292728359
161.43440937821524
170.58665266079151
205.47224095304344
208.97006721545424
184.78123049056333
224.47372563028395
228.7232668159107
150.36439277044343
183.39187148647866
167.7390775825794
211.82936278604546
170.18182648422984
196.03318203797778
153.3142760198912
164.43964950867277
231.6310431657227
191.88533774822426
200.37661036294463
151.20522788122344
206.766708323452
185.55198195978087
167.3543662455137
160.92557196109252
153.76358587704186
150.67460172765536
167.2542767212207
196.28360091158987
158.99093254812567
176.73585438381733
142.40090180488247
183.69235920657414
209.26229353050365
158.9020597971773
194.77941192762856
217.5179643494202
203.67649707948624
177.42061633051875
241.71393373515747
126.05907635133002
129.0909166680572
218.24594860824982
197.39132640412836
151.83233096837887
207.54933359842227
164.3208464315915
237.27215687947447
204.85733588854796
202.11256845163905
180.37048388395317
128.9390894814476
167.91541973277444
153.52575688756707
168.4661015965939
182.45427276514684
182.91942143968097
182.44930040051167
232.60275731742522
190.39209484104046
217.0838987683418
260.5767605862554
213.28595213790035
148.18100147913654
201.4547803577729
177.52768913498159
190.66170399766136
218.31861673757845
183.08599851236988
188.67190285783778
237.04565745382243
208.6095906267
183.44183387703157
248.71350678203817
183.285447558261
165.231878197196
174.95871132773047
170.99376222366982
238.8332370355787
199.25801792905008
197.4722482865228
215.19749603749995
193.81355130719328
182.7157538525597
169.2091496002354
147.40213946736355
190.44787273090338
211.0986321802712
191.9374795606229
228.4341122265484
150.9865153316058
208.71825529517562
156.19915792545177
184.50929791756346
211.27286265493956
177.53354767004504
153.40491781126053
201.4128897505441
140.41057941861888
221.51752415527432
150.9528823024569
185.7117458633927
238.89906642225344
180.03022108340045
172.67609621115133
136.58031216517847
205.0826503612373
157.91399701513328
226.62596798360175
222.95673944810915
207.0793519702418
167.50019581832902
154.07491620169407
248.57300246435628
201.95341590329383
211.25631905457195
202.66474569254092
167.8353231632909
180.93898611136595
209.97861620206558
147.44833466110268
185.53297661402533
189.31002414781688
177.12835636895127
192.28751788647602
184.06908490260363
215.67656013765168
142.47037321949048
199.34838939010262
171.34727336408977
194.42477876512677
219.0758169830391
152.63631543574542
208.69243330133358
195.6545854992538
127.08771391448202
202.14412647790255
228.18223217172437
209.52759374962343
196.68220214381094
147.28764593686017
176.62984319718927
154.35644804390608
133.4034919918939
153.3245419738235
150.55242599118145
278.23076213814534
216.9413986161678
198.17467592047677
152.5077111691654
159.0035633585744
146.64845443085915
219.4728016994149
200.67793222268924
198.60070484091347
168.80066524502516
227.60916550842984
192.57581527735297
140.35608255588915
168.6027697410603
158.46699324593118
158.98260395265928
185.1324207204753
243.08057706003908
172.79714801807367
183.96140343902846
190.08916157245193
189.54349604270118
153.57736489599571
234.1555260147715
231.23764566488006
188.5236361763548
201.58238260867086
180.32716337281866
208.6954263514484
239.60447779493467
211.50270675961895
172.6041423668477
237.63044421774964
202.4082720315278
195.1806244724932
184.74707606996114
234.6145098569668
210.44430439383436
223.77359344627553
242.72585803942212
188.28608115431445
105.90551526313429
219.08911511614238
240.94917840837297
182.59840697667627
183.6681605417913
183.99177800385905
180.35531818156792
161.09326858630138
124.66686244315906
212.83114298050714
143.78672021415855
221.12519944731667
157.54794842569768
243.52170353435366
170.03877555020767
181.51693204751638
250.8335902719082
186.11388678152545
204.33693937213013
183.2563298528777
172.62856067173067
186.56808062171785
146.0041376552107
184.8036192121166
184.35577986303934
177.10549160796688
177.13277921127803
178.83065131816932
193.6535358466583
206.43772778857783
170.5645488665865
179.80314969055672
170.64605371645249
237.73506600862157
243.24845192279784
198.47367395204998
189.88153234329468
139.3995822502771
222.18058809171825
190.00729765343644
194.90887537551086
174.5985042719876
193.89338087845292
189.1276441996101
213.9501688123076
144.58880352477433
180.2019494798984
213.51402099572607
208.02097241951347
185.5402806442199
134.86881411988128
252.20126042496324
243.38365444023117
176.91054952542234
119.88224565446804
157.322085565299
205.7724154415107
139.2952009046395
167.39537804054183
193.26036387772834
174.1097775257979
173.44547815083763
209.51573851177503
210.7429477145772
180.27661645761881
224.78598499121713
150.80863562039397
192.91780354889514
138.00143629935135
181.01972850171177
240.60125569575806
139.82643205574948
158.87662879646712
231.7795047058126
168.10486372579402
177.57024026124193
192.2507792153035
192.70290790428842
136.711787525932
163.47138306332644
192.99656880836105
145.77958848655518
182.8569848659335
186.29513044648476
245.79725089331112
183.40873503402847
256.48483127835954
133.79872349048787
172.40173885905287
162.7855305373086
156.19999354583493
231.96841609593346
164.1936564590002
229.82408311436168
237.6084856974571
264.11373288031535
165.0805961843756
222.67892281660664
192.865789124171
145.91848099927796
183.8642688145683
203.57780548323532
204.84459400273548
199.6091913089247
202.7447013101372
164.78638762052324
220.456210524283
135.93359911347304
198.08646624669916
210.75464454493869
171.2723232723568
222.4117683509985
162.71831663891624
152.90555938022644
157.98990707500408
140.26701971999768
185.90062719306127
139.77358273663864
196.07551134985547
204.9163674669795
241.64976121745826
185.62991463202508
177.87454747380013
173.27225988279648
198.2516079498023
147.48186839446558
208.55452695411046
185.92165000947642
208.22849224470465
157.28122274995434
229.96860440802845
162.42626353109247
190.89526411768804
240.41633594591795
190.12434030379606
220.9230869358791
260.6990988676028
245.35737345237445
194.58500182318113
207.36168252691195
227.34960089900534
195.22114737558235
227.9913247369344
148.4101111545279
182.22289401002735
116.74583192693399
191.09612675078455
227.47987415208286
135.70955536735494
134.21332814789508
165.54178619213934
146.3000288308085
233.45090141984315
235.71816657370522
210.93625504449673
194.41506443383872
212.63214945503233
234.9150219160471
194.3649371015366
180.3362942627163
184.7590614488303
216.92529491636074
187.51900564476938
203.49164883744635
117.4864053434371
193.141517720133
171.8609443407948
181.76263850735214
209.75718056508913
204.81335047004268
175.40713500985547
176.9320126694118
166.81212496075207
234.94790082701982
234.59389361186464
199.78051752559415
186.0591754815928
151.04733239354604
184.00575900668125
275.5052830683757
241.35026636630178
160.96368929750636
264.5635141670885
191.94705885259705
189.5689583404469
182.50761429214762
159.29873843924116
192.7458890162014
92.51484508978346
225.03059906706096
152.0957462205846
190.2563308680683
158.79559450343095
184.54501030109935
179.86991545147367
154.89439797613554
165.17571407303907
192.746977370541
169.36540986537887
213.88403420523636
162.54386047603296
186.52926064534444
224.89052795761415
172.2116535406904
159.54172498168316
197.16274534104903
196.70166412618633
140.22989659601663
184.96206854128533
172.50128349984388
220.94853281048955
185.1253727677555
174.87056454502368
191.68285665517573
235.92646194417742
182.08990088420634
232.89185426145028
230.65656440113375
170.50026981504615
160.70538675606338
174.97069848687192
155.7625901404427
161.3113310385289
201.04952389612237
194.97816090142322
172.85504507603565
171.15238031754376
223.5179269644858
214.7025230670482
111.47178638643005
199.93271888210788
144.12592819732896
213.87921330935697
235.30803637664593
194.83796403340733
173.5588675855645
204.00656574119083
157.8060022741496
201.11232865370977
202.93521953614322
182.72058261019296
243.23626119821745
166.94498070795527
156.1269731357547
177.43988584835947
197.7666038994255
185.01878930184074
175.83121471375824
186.4215878975047
210.09737733355732
173.65848361685735
195.26449333784257
165.31723975963493
234.65215974156249
191.3731838794899
161.0877079190984
164.04936708972417
170.8754247281904
169.00196444362993
203.94585428544917
147.27022915441012
155.76049591268594
160.94733528342033
230.13567747254382
172.3527899211831
213.0494909066205
170.12756890521624
199.09263179464716
211.46028050316562
254.900408375327
167.89079901503968
163.7418333371727
187.43174214162008
142.9961331071178
195.90008117084096
228.69328710909568
163.83317551856683
215.09025980571118
189.87855438865347
186.7843123837314
247.3972010981053
195.18817150658768
233.49788188140445
192.08708959212217
215.32022590429304
259.6136117962639
165.73703821396384
160.38735697610778
165.44925900320308
187.50339346858325
204.2773473205044
184.5216890582468
174.46124353818948
230.73289436675017
176.4509387936403
149.52711707010332
215.02457317169922
195.99763530282613
180.3958436024987
173.37292038122868
186.89613731179315
203.63233735856625
239.91542942611835
178.58760375183627
172.39279180882696
191.96933973863918
202.22449782472646
221.6227668939276
180.6390561164885
155.8462204917179
157.17081547203756
144.8790052360894
247.5005457425992
186.4101538335004
207.69162682035017
166.8425308980002
198.1882023513658
190.66539461803217
143.64855884688032
190.21890251611518
117.11727155937233
208.4699786061269
181.6474999654764
141.62948727199375
185.56949438802513
195.80374409658705
204.7261604956205
176.03576959734664
182.45392167587113
249.45473300003684
184.41393885073614
202.4280639618568
139.1010699072408
255.22278507437295
182.1394608771338
148.5877831346774
155.5012470253492
228.22818758758837
192.99138513494606
192.7690229738377
164.11295838053206
209.74975630414605
158.46909574854894
197.1638685879916
199.55497025626275
154.31087078772865
162.63389302645132
236.90746397779665
243.87524998482507
232.46141152345083
185.12770578201233
114.81634368325405
173.11891786373423
175.77948331326854
180.42716987529332
219.12210882931464
214.19910569565744
197.5944974824085
180.4769373103339
206.28382459426146
211.22489601670142
214.76610973841983
191.15749905014306
155.29481540260744
168.3492987088746
249.26787160488797
215.4593790120975
189.06376207450052
128.00415209973576
175.6231312546079
196.85907318276674
195.22234861811913
242.91574248456166
185.67073013225172
175.68726849740113
202.7914115149457
155.08094616586047
181.91534486000023
180.4609084305003
150.53814266844591
285.3226833109294
169.6426505257269
183.20965597121972
173.5194844113421
184.22963644726482
194.81688417798637
203.12372322321278
196.31436219147602
135.6115185474475
213.6466638752497
149.90474646862847
163.4632454228551
219.7157444804152
163.59737821071425
176.2040907884405
236.1697342871302
190.88665775320203
240.8608138547636
186.9615605749522
179.9080204356309
200.75861797454309
200.6193551832965
194.92112095347028
241.54466392951142
181.62878567959027
179.6541216372246
161.8043954922988
187.95321514935057
228.90891341625357
198.47550708856605
168.95528941189275
158.7730756206766
178.12201149563063
241.52341547192177
195.72703909235418
165.0523279926585
214.25565957903615
172.3590063816967
190.53318926056278
181.21964204852767
198.00518465809557
178.03758221943548
230.39221563656483
200.7709960965854
179.0900662076556
149.0085772506494
123.53148528512126
202.29553107119605
165.46340190728137
181.5170645871698
216.46151043444488
139.75227559929027
221.50252016981185
220.44463637151838
162.99868837800352
236.3307538910607
123.7133154785801
225.01537076547507
203.34598424508928
229.3663521190207
171.8267670714525
264.74389386360093
191.1591830863081
142.91306932389077
210.1825435361085
202.18670238963716
245.37599277884814
182.13039850459603
182.3053922376295
186.9462377572345
167.04196872146528
218.31054725128263
215.6292860454489
183.0778289494589
188.97906850398488
237.01647356724402
184.65061293921292
214.58725429830707
168.79271648961358
158.7396125792107
172.28714760316953
195.39860563762667
150.34498168173903
151.18848322323487
245.40502233600984
196.25503970119496
187.7170144887168
168.3975896892112
157.23332780372982
166.49892702477825
178.16097215513685
217.48272709822078
213.7394589573512
156.75838799171999
178.91492244819173
200.57961959735894
173.36656138658626
139.6005031883092
253.88846535404645
182.104258024285
219.93530004069783
208.2814578112278
162.07765824979697
213.82284021932955
185.53868586934348
209.61629401943065
213.2235507724798
165.0416694312164
150.46548239688184
145.6602663013142
145.69621040029745
153.65458723613938
214.54379454757043
172.70071142841113
223.2112548980749
188.31370707617614
197.36150377491774
176.29633240598505
247.80368774509537
154.07139945066862
128.67983494714224
213.84273154513374
264.99267739431366
163.69011006800903
227.8151768389522
140.23622658577568
206.56986198750343
228.92875800351976
188.03633317544958
229.966613296606
231.11792112559394
177.44678519559022
164.3429628692552
170.97174518300932
213.68486239569168
129.02583509838078
208.676867370682
193.8002914761641
156.6924251222726
147.22275478502817
209.52068195058135
176.8722632507029
192.52661499457196
201.74682649559958
170.27247184580608
202.20566422733543
227.06185108091924
252.34652339346908
185.0591614893872
168.4813899884666
196.17704553981858
182.77954749776328
173.65517547764105
168.31812947040441
227.95328342482267
214.71741411269696
213.74628911984755
162.35634317033487
187.9966356744959
170.26279828441707
226.23339107536282
161.26913118476222
145.66132258362776
135.57219539980002
177.67177845712203
245.8329980168736
190.62542355053944
211.61855060003444
210.07061081039487
181.45817590708046
197.08144194265188
209.71341534551473
200.01535783879038
249.37134013485186
175.14428211218456
247.52689564083613
188.44737634154805
199.37562734195222
191.96472501045434
199.84051784645672
200.01395310521534
180.84477768790128
162.14269846204598
189.3670986226334
228.6787658463036
202.94089823100066
222.97977810512648
270.5137762920281
171.76187542146954
190.38126420123618
279.8326540690615
184.35222586778238
145.24562338547105
153.18885781287878
196.93215405612807
190.3629114800775
200.21619836213998
163.35931427939207
266.30413126685767
215.89804749312424
158.80183726429377
211.9376132394528
143.53716725182892
240.77176018632008
180.41278012603627
151.9030422220436
224.8309064109726
208.39386768012574
210.391583175119
183.9495039252855
213.64959479909717
234.45096208677347
233.1634042684349
212.94862386734832
180.98842973009664
256.0743699450946
182.22355735805849
198.1189899230266
134.53867172953946
162.4633867367147
226.14339940683425
176.5748254809997
195.21190771453595
163.51743073769774
204.94035574930817
238.02158337831463
156.1138386892475
193.81757542060828
196.17602175521404
230.12315326011594
196.4335523155042
206.4361702431447
190.0894085343268
161.28606223852574
181.1375204813345
184.94693617593066
237.7112824998583
182.0803058699158
226.93619136184037
206.4096379621908
159.24333195486574
186.4226281439919
244.27704645545015
200.7145428038752
220.8495802398025
234.72197336967005
238.26380277115365
188.476424766482
146.93862330758137
218.53816730893823
224.50354126324237
169.77461386953314
192.61679569987905
176.7675087441252
176.91980108496895
234.27585451489963
211.4771827711373
185.1249082680369
203.2740667464255
201.5997110025368
254.11649428649795
178.57807898412204
232.7033331321422
216.60758751887943
178.63666730172054
232.52085332371058
232.75980814658908
207.8891779350329
217.714268715016
121.08462282098255
168.61427372119456
197.12010773836445
237.4879742514402
155.66318907535475
201.56099070665158
214.80714355165384
221.2382419481168
229.09412824076557
180.95464757114127
212.95237871338693
173.23253748528245
167.314797858945
228.99901145636147
180.62171607299527
154.27854390557476
211.51601807314213
222.18599134390942
222.13025293256018
116.99329787823378
206.59065550485982
184.8635420342015
222.8815833184496
218.50396470120677
171.4300589929085
159.91737121607926
214.44939801839018
184.96671600111898
235.63565149779632
186.15827365557658
135.05320758671252
177.13194728637478
187.02542592004835
176.05927774614236
151.545279929365
201.55285305320552
150.87582886239613
218.41452053306202
205.17835269461258
149.2773777552673
211.52726166619692
175.45546488531082
247.42796793700577
203.24891149949775
134.70890652278604
205.7804184606429
226.50565366454933
198.84665982511777
139.71030607738894
187.63433161211566
214.4735029504525
164.33891467998137
209.0569024317305
208.75865688152328
236.2116614978513
217.44878355133366
193.7176127892093
172.39787708854263
199.77264875589364
141.40168355573888
292.31912759571105
157.7570413794213
147.27879479441094
195.1637667765363
170.15312430625835
145.73425217673218
163.50361328080612
187.3887551831624
209.73889295920884
187.19022473710197
135.2608250496778
201.15626190272928
228.30474167040492
238.26091883477002
168.35130406069706
185.0957716615505
143.9698631860239
133.2563472541257
242.03152239783978
146.41921597053215
268.03806369629683
169.03127133206604
229.46371051209897
250.8907650705938
198.21237602822902
214.91919000963276
180.25172452865914
278.90555732856023
176.49545134843854
238.76874679435255
226.46828163813638
186.49460047752785
139.54242876617766
188.07724077965437
216.83233165514775
150.6063373847621
233.26614044610815
215.98736966032385
181.6974866887713
236.9615152328658
139.80621640418974
207.52933906277474
161.44398478782327
280.5957662646453
158.39237230511813
182.57934249681486
168.6934870086775
188.7195922703485
110.307204614249
187.56704117481183
160.49376247250962
153.27054942795309
197.15258929844686
210.0814947917289
192.09266491327173
135.61252993716226
227.36508157917913
203.4897966792332
250.29094842864922
190.80650188530444
136.17046210352999
178.14437797345195
169.88644435135777
158.11560806869667
173.07973602931943
185.23811762465277
177.64759590557426
168.6089338399646
151.32775117986472
221.223042326202
139.42437053792278
198.87463264536038
209.5370085966577
198.8248204906731
187.5464361675458
172.3057004034926
152.3368134475056
178.5733939073893
175.91390614382473
135.08626232516335
196.53430625161485
186.8812521930833
174.77111149787495
182.4396135760537
166.16656949704384
216.21745115125916
232.45050354336024
217.2166040451462
222.4592082930718
154.45103908806496
147.1378535606106
154.38330080000955
234.9176631904362
239.50535545628182
170.50748675230153
187.85239916215855
161.25385531753122
221.1956214518908
195.37454087236193
185.9579598900821
164.45258533591073
175.46556640583023
141.41799199632283
155.67907840638208
176.4608876660848
139.87103698346058
201.59511603129567
190.6726847974401
233.89021605608255
164.1887464702242
195.67136801924624
222.27594719397626
185.02792579591738
136.02783275536078
170.95579932703652
187.7250706786951
156.12495899957196
231.8475244575289
215.1656229911653
208.51074936149516
229.20239156191698
154.19165648368596
185.89273288871624
182.44121071702844
217.30186425947278
170.20066970704534
173.5379658260275
201.55269510875112
188.04979260465478
